"0" "0.1" "0.2" "0.3" "0.4" "0.5" "0.6" "0.7" "0.8" "0.9" "1"
"1181-0519 enhanced" 1e-04 1e-04 1e-04 0.2201 0.5401 0.6401 0.9001 -1.0001 -0.7001 -0.7801 -0.5801
"1181-0519 depleted" 1e-04 1e-04 1e-04 1e-04 0.1201 0.2601 0.5401 0.6401 0.8201 1.0001 -1.0001
"AA-mixture enhanced" 1e-04 1e-04 1e-04 1e-04 0.0401 0.0401 0.0201 0.1801 0.2401 0.3801 0.5601
"AA-mixture depleted" 1e-04 1e-04 1e-04 1e-04 1e-04 0.0601 0.1001 0.1001 0.4401 0.4201 0.4201
"atorvastatin enhanced" 1.0001 1.0001 -1.0001 1.0001 1.0001 1.0001 0 1.0001 -1.0001 -1.0001 -1.0001
"atorvastatin depleted" 1e-04 1e-04 1e-04 1e-04 0.0201 0.0601 0.4601 0.3001 0.5801 0.7801 0.8201
"CuSO4 enhanced" 1.0001 1.0001 1.0001 1.0001 1.0001 1.0001 1.0001 1.0001 1.0001 1.0001 1.0001
"CuSO4 depleted" -0.2201 -0.1801 -0.3601 -0.2201 -0.3401 -0.3801 -0.4001 -0.5001 -0.4201 -0.3801 -0.4001
"doxorubicin enhanced" 0.0401 0.0601 0.0601 0.1801 0.4801 0.7601 1.0001 -1.0001 -0.9201 -0.8201 -0.5601
"doxorubicin depleted" 1e-04 1e-04 0.0401 0.1401 0.3401 0.5801 0.6201 0.8201 0.8201 -0.9801 -0.9001
"ethanol enhanced" 0.9801 0.7801 0.7601 0.7801 0.9401 -0.7001 -0.6201 -0.6601 -0.4201 -0.3801 -0.3401
"ethanol depleted" 1e-04 1e-04 0.0201 0.0401 0.0601 0.1001 0.0801 0.1601 0.3601 0.4601 0.5801
"FK506 enhanced" 1e-04 1e-04 1e-04 0.0401 0.1401 0.2801 0.3001 0.5201 0.8201 -0.9401 -1.0001
"FK506 depleted" 0.1601 0.0601 0.4201 0.8001 -1.0001 -0.7401 -0.7001 -0.5401 -0.2801 -0.3201 -0.1601
"H2O2 enhanced" 1e-04 1e-04 1e-04 0.0801 0.1401 0.3401 0.4401 0.4801 0.6001 0.7601 0.8201
"H2O2 depleted" 1e-04 1e-04 1e-04 1e-04 1e-04 0.0601 0.2001 0.1601 0.2401 0.5801 0.6201
"heat-shock enhanced" 0.3801 0.4001 0.4801 -1.0001 -0.7601 -0.5001 -0.3201 -0.2801 -0.2401 -0.3401 -0.2401
"heat-shock depleted" 0.0401 0.0801 0.1201 0.4401 0.8601 0.8601 -1.0001 -0.9801 -0.5401 -0.7001 -0.3801
"menadione enhanced" -1.0001 -1.0001 -1.0001 -1.0001 -0.8001 -0.3801 -0.2601 -0.2201 -0.2001 -0.1201 -0.1001
"menadione depleted" 1e-04 1e-04 1e-04 1e-04 1e-04 1e-04 1e-04 1e-04 0.0801 0.1801 0.2001
"methionine enhanced" 1e-04 1e-04 1e-04 1e-04 0.0601 0.1601 0.4401 0.5601 0.5001 0.5601 0.7201
"methionine depleted" 0.0601 0.0201 0.1001 0.3001 0.6201 0.9201 -0.9601 -0.8201 -0.8401 -0.7201 -0.6601
"N-starvation enhanced" 0.3801 0.2801 0.3201 0.7201 0.6601 1.0001 -1.0001 -1.0001 -1.0001 -1.0001 -1.0001
"N-starvation depleted" 0.3801 0.3801 0.6001 1.0001 -1.0001 -0.8601 -0.7201 -0.7201 -0.5201 -0.3001 -0.3601
"NaCl enhanced" 1e-04 1e-04 1e-04 1e-04 1e-04 0.0401 0.1001 0.2401 0.3001 0.3601 0.3801
"NaCl depleted" 0.0401 0.0601 0.4001 0.5801 -1.0001 -0.8201 -0.6401 -0.5001 -0.4601 -0.2001 -0.2401
"sorbitol enhanced" 1.0001 1.0001 -1.0001 -1.0001 -0.6401 -0.5201 -0.4201 -0.3201 -0.2201 -0.1401 -0.0401
"sorbitol depleted" 0.5801 0.5601 0.7401 -1.0001 -1.0001 -0.9601 -0.8601 -0.4601 -0.3801 -0.2201 -0.1001
